[['w' 'ncoll' 'm' 'pt' 'decayLength' 'dca12' 'cosTheta' 'dcaV0ToPv'
  'ptKaon' 'dcaKaon' 'ptPion' 'dcaPion' 'matchHftWeight']
 [0.15223857760429382 13.662139892578125 1.8646005392074585
  1.138609766960144 0.015147199854254723 0.002235329244285822
  0.9782384037971497 0.0031428004149347544 1.5065511465072632
  0.007931412197649479 0.5868996977806091 0.012276516295969486
  0.11863958835601807]
 [0.13583754003047943 13.662139892578125 1.8645999431610107
  1.2863178253173828 0.016804631799459457 0.006179962307214737
  0.9681609869003296 0.004206675570458174 1.5065815448760986
  0.006738849449902773 0.6497185826301575 0.01732882857322693
  0.12427397072315216]
 [0.05855763703584671 30.612529754638672 1.864599585533142
  1.9259474277496338 0.014127613976597786 0.0038855380844324827
  0.9954389929771423 0.0013477791799232364 1.5812952518463135
  0.006323940586298704 0.8517419099807739 0.012453545816242695
  0.12680459022521973]
 [0.151609867811203 30.612529754638672 1.8645997047424316
  1.136826753616333 0.016853278502821922 0.008699364960193634
  0.9836528301239014 0.0030348580330610275 0.5661057233810425
  0.0162529144436121 1.297495722770691 0.007033733185380697
  0.11995378136634827]]