[['m' 'pt' 'decayLength' 'dca12' 'dcaV0ToPv' 'ptKaon' 'dcaKaon' 'ptPion'
  'dcaPion']
 [1.8707879781723022 1.3669250011444092 0.008081152103841305
  0.008962782099843025 0.0023597851395606995 0.8118325471878052
  0.00932984333485365 0.9930815100669861 0.006118279416114092]
 [1.8979454040527344 1.2742888927459717 0.008400189690291882
  0.0038796234875917435 0.002087564906105399 1.1767407655715942
  0.005516387987881899 0.6342991590499878 0.008245191536843777]
 [1.9016531705856323 1.7356759309768677 0.009023956023156643
  0.007011766079813242 0.0012423682492226362 0.7406418919563293
  0.00844718236476183 1.3774242401123047 0.006103112827986479]
 [1.866547703742981 1.0300238132476807 0.017420999705791473
  0.0008736512972973287 0.005229138303548098 1.0747045278549194
  0.010741316713392735 0.924789547920227 0.015726016834378242]]